Roy =c(1, 0, 2, 2, 3, 0, 0, 7, 0, "Lord", 80, 40, 50, 40, 25, 30, 60),
Clarine =c(1, 0, 1, 4, 4, 0, 0, 8, 0, "Troubadour", 40, 30, 40, 50, 10, 40, 65),
Fae =c(1, 4, 2, 2, 1, 1, 5, 7, 0, "Manakete", 130, 90, 85, 65, 30, 50, 150),
Sin =c(5, 8, 2, 4, 5, 3, 3, 6, 0, "Nomad", 75, 45, 50, 50, 10, 15, 25),
Sue =c(1, 3, 1, 2, 2, 2, 0, 4, 0, "Nomad", 55, 30, 55, 65, 10, 15, 50),
Dayan =c(14, 22, 7, 10, 13, 4, 9, 12, 1, "Nmd Trooper", 55, 20, 20, 15, 10, 10, 20),
Barthe =c(9, 8, 5, 4, 5, 5, 1, 2, 3, "Knight", 100, 60, 25, 20, 40, 2, 20),
Bors =c(1, 3, 2, 2, 3, 2, 0, 4, 1, "Knight", 90, 30, 30, 40, 35, 10, 50),
Gwendolyn =c(1, 3, 0, 0, 2, 0, 0, 6, 0, "Knight", 85, 40, 40, 40, 30, 10, 45),
Douglas =c(8, 25, 11, 9, 5, 7, 2, 11, 2, "General", 60, , 30, 30, 30, , 20),
Wolt =c(1, 0, 0, 1, 2, 1, 0, 2, 0, "Archer", 80, 40, 50, 40, 20, 10, 40),
Dorothy  =c(3, 2, 2, 3, 2, 1, 2, 3, 1, "Archer", 85, 50, 45, 45, 15, 15, 35),
Klein =c(1, 6, 6, 7, 6, 3, 4, 10, -1, "Sniper", 60, , 40, 45, 15, 25, 50),
Saul =c(5, 2, 3, 5, 8, 1, 0, 2, 1, "Priest", 60, 40, 45, 45, 15, 50, 15),
Elen =c(2, 0, 0, 4, 6, 0, 0, 8, 0, "Cleric", 45, 50, 30, 20, 5, 60, 70),
Yoder =c(17, 14, 15, 14, 10, 2, 22, 11, 0, "Bishop", 20, 30, 15, 10, 10, 20, 20),
Chad =c(1, 0, 0, 2, 1, 0, 0, 4, -1, "Thief", 85, 50, 50, 80, 25, 15, 60),
Karel =c(19, 23, 14, 17, 13, 10, 11, 18, 0, "Swordmaster", 210, 130, 140, 140, 110, 100, 120),
Fir =c(1, 4, 3, 0, 0, 2, 0, 3, 0, "Myrmidon", 75, 25, 50, 55, 15, 20, 50),
Rutger =c(4, 6, 3, 3, 4, 3, 0, 2, -1, "Myrmidon", 80, 30, 60, 50, 20, 20, 30),
Dieck =c(5, 8, 5, 4, 2, 2, 1, 5, 4, "Mercenary", 90, 40, 40, 30, 20, 15, 35),
Ogier =c(3, 6, 3, 2, 1, 0, 0, 6, -1, "Mercenary", 85, 40, 30, 45, 20, 15, 55),
Garret =c(2, 25, 10, 7, 3, 3, 4, 12, 0, "Berserker", 70, 45, 25, 25, 15, 5, 15),
Alen =c(1, 1, 2, 2, 1, 0, 0, 3, 0, "Cavalier", 85, 45, 40, 45, 25, 10, 40),
Lance =c(1, 0, 0, 4, 3, 0, 0, 2, 0, "Cavalier", 80, 40, 45, 50, 20, 15, 35),
Perceval =c(13, 20, 10, 9, 11, 6, 8, 12, 1, "Paladin", 75, 30, 25, 35, 20, 10, 20),
Igrene =c(5, 13, 10, 12, 8, 6, 7, 9, 0, "Sniper", 70, 35, 25, 35, 10, 5, 20),
Marcus =c(1, 9, 2, 10, 4, 1, 5, 10, 0, "Paladin", 60, 25, 20, 25, 15, 20, 20),
Astolfo =c(10, 9, 4, 7, 6, 5, 3, 11, 2, "Thief", 90, 35, 40, 50, 20, 20, 15),
Ward =c(2, 8, 3, 1, 1, 1, 0, 4, 2, "Fighter", 75, 50, 45, 20, 30, , 45),
Lot =c(3, 9, 2, 4, 3, 2, 1, 2, 1, "Fighter", 80, 30, 30, 35, 40, 15, 30),
Bartre =c(1, 20, 14, 6, 4, 4, 3, 14, 1, "Warrior", 70, 40, 20, 30, 20, 5, 20),
Lugh =c(1, 0, 3, 3, 3, 0, 2, 5, -2, "Mage", 50, 40, 50, 50, 15, 30, 35),
Lilina =c(1, 0, 4, 2, 2, 0, 3, 4, 0, "Mage", 45, 75, 20, 35, 10, 35, 50),
Hugh =c(15, 10, 12, 9, 9, 6, 6, 10, 1, "Mage", 75, 30, 30, 45, 20, 15, 25),
Niime =c(17, 8, 14, 17, 12, 2, 11, 15, 0, "Druid", 25, 15, 15, 15, 15, 20, 5),
Raigh =c(10, 7, 10, 8, 7, 3, 6, 6, -1, "Shaman", 55, 45, 55, 40, 15, 35, 15),
Larum =c(1, 0, 0, 0, 4, 2, 3, 9, 0, "Dancer", 70, 10, 5, 70, 20, 30, 80),
Juno =c(9, 13, 5, 7, 9, 3, 8, 14, 1, "Falcoknight", 50, 20, 35, 30, 10, 10, 45),
Thea =c(8, 6, 3, 5, 7, 2, 4, 3, 0, "Peg Knight", 60, 40, 45, 55, 15, 20, 40),
Shanna =c(1, 3, 0, 1, 7, 3, 3, 5, -1, "Peg Knight", 45, 30, 55, 60, 10, 25, 60),
Zeiss =c(7, 8, 7, 6, 3, 4, 2, 6, 0, "Wyvern Rider", 80, 60, 50, 35, 25, 5, 20),
Elffin =c(1, 1, 0, 1, 3, 3, 1, 11, 0, "Bard", 80, 5, 5, 65, 25, 55, 65),
Cath =c(5, 0, 2, 6, 4, 1, 0, 8, 0, "Thief", 80, 40, 45, 85, 15, 20, 50),
Sophia =c(1, 0, 3, 1, 3, 0, 3, 3, 0, "Shaman", 60, 55, 40, 30, 20, 55, 20),
Melady =c(10, 11, 6, 6, 5, 6, 3, 5, 0, "Wyvern Rider", 75, 50, 50, 45, 20, 5, 25),
Gonzalez =c(11, 16, 7, 4, 4, 3, 0, 5, 3, "Brigand", 90, 60, 15, 50, 25, 5, 35),
Noah =c(4, 7, 3, 5, 4, 1, 1, 6, 1, "Cavalier", 75, 30, 45, 30, 30, 10, 40),
Trec =c(3, 5, 3, 4, 2, 2, 0, 5, 0, "Cavalier", 85, 40, 30, 35, 30, 5, 50),
Zelot =c(1, 12, 3, 8, 6, 3, 4, 5, 0, "Paladin", 75, 25, 20, 20, 30, 15, 15),
Echidna =c(1, 13, 7, 9, 7, 2, 4, 6, 0, "Hero", 75, 30, 25, 30, 15, 15, 20),
Cecilia =c(1, 11, 7, 4, 5, 3, 5, 10, 0, "Valkyrie", 60, 35, 45, 25, 20, 25, 25),
Geese =c(10, 14, 6, 7, 3, 5, 0, 9, 1, "Pirate", 85, 50, 30, 40, 20, 10, 40),
Merlinus =c(1, 0, 0, 0, 0, 0, 0, 10, 0, "Transporter", 100, 0, 50, 50, 20, 5, 100),



huh class is wierd in fe6



