Eliwood =c(1, 0, 0, 0, 0, 0, 0, 7, 0, "Lord", 80, 45, 50, 40, 30, 35, 45),
Hector =c(1, 0, 0, 0, 0, 0, 0, 3, 0, "Lord", 90, 60, 45, 35, 50, 25, 30),
Lyn =c(1, 0, 0, 0, 0, 0, 0, 5, 0, "Lord", 70, 40, 60, 60, 20, 30, 55),
Raven =c(1, 7, 4, 3, 5, 1, 1, 2, -1, "Mercenary", 85, 55, 40, 45, 25, 15, 35),
Geitz =c(3, 12, 9, 7, 7, 6, 3, 10, 0, "Warrior", 85, 50, 30, 40, 20, 20, 40),
Guy =c(1, 5, 2, 2, 2, 3, 0, 5, -3, "Myrmidon", 75, 30, 50, 70, 15, 25, 45),
Karel =c(1, 10, 10, 12, 10, 8, 10, 15, 0, "Swordmaster", 70, 30, 50, 50, 10, 15, 30),
Dorcas =c(3, 10, 2, 5, 2, 1, 0, 3, 3, "Fighter", 80, 60, 40, 20, 25, 15, 45),
Bartre =c(2, 9, 4, 3, -1, 2, 0, 4, 2, "Fighter", 85, 50, 35, 40, 30, 25, 30),
Oswin =c(9, 11, 8, 7, 5, 4, 3, 3, 1, "Knight", 90, 40, 30, 30, 55, 30, 35),
Fargus =c(18, 34, 17, 9, 7, 12, 17, 15, 2, "Berserker", 90, 40, 30, 30, 55, 30, 35),
Wil =c(3, 2, 2, 2, 2, 2, 0, 6, -1, "Archer", 75, 50, 50, 40, 20, 25, 40),
Rebecca =c(1, 0, 1, 2, 2, 0, 1, 4, 0, "Archer", 60, 40, 50, 60, 15, 30, 50),
Louise =c(1, 9, 6, 8, 10, 4, 9, 16, 0, "Sniper", 60, 40, 40, 40, 20, 30, 30),
Lucius =c(3, 0, 6, 5, 8, 0, 1, 2, 0, "Monk", 55, 60, 50, 40, 10, 60, 20),
Serra =c(1, 1, 1, 3, 6, 2, -1, 6, 0, "Cleric", 50, 50, 30, 40, 15, 55, 60),
Renault =c(16, 22, 8, 18, 16, 12, 10, 10, 2, "Bishop", 60, 40, 30, 35, 20, 40, 15)
Erk =c(1, 1, 4, 4, 4, -1, 1, 3, -1, "Mage", 65, 40, 40, 50, 20, 40, 30),
Nino =c(5, 3, 6, 5, 9, 2, 3, 10, 0, "Mage", 55, 50, 55, 60, 15, 50, 45),
Pent =c(6, 13, 13, 17, 13, 6, 11, 14, 1, "Sage", 50, 30, 20, 40, 30, 35, 40),
Canas =c(8, 5, 8, 8, 6, 3, 4, 7, 0, "Shaman", 70, 45, 40, 35, 25, 45, 25),
Kent =c(1, 0, 1, 4, 2, -1, 1, 2, 0, "Cavalier", 85, 40, 50, 45, 25, 25, 20),
Sain =c(1, -1, 3, 2, 1, 0, 0, 4, 0, "Cavalier", 80, 60, 35, 40, 20, 20, 35),
Lowen =c(2, 3, 2, 3, 2, 1, 0, 3, 1, "Cavalier", 90, 30, 30, 30, 40, 30, 50),
Marcus =c(1, 8, 8, 11, 4, 2, 5, 8, 0, "Paladin", 65, 30, 50, 25, 15, 35, 30),
Priscilla =c(3, 1, 5, 5, 5, 1, 1, 7, -1, "Troubadour", 45, 40, 50, 40, 15, 50, 65),
Rath =c(7, 9, 3, 5, 5, 3, 2, 5, 1, "Nomad", 80, 50, 40, 50, 10, 25, 30),
Florina =c(1, 3, 1, 2, 4, 1, 2, 7, -1, "Peg Knight", 60, 40, 50, 55, 15, 35, 50),
Fiora =c(7, 7, 4, 6, 8, 3, 5, 6, 0, "Peg Knight", 70, 35, 60, 50, 20, 50, 30),
Farina =c(12, 10, 6, 8, 9, 7, 10, 10, 0, "Peg Knight", 75, 50, 40, 45, 25, 30, 45),
Heath =c(7, 8, 4, 5, 2, 2, 1, 7, -1, "Wyvern Rider", 80, 50, 50, 45, 30, 20, 20),
Vaida =c(9, 19, 12, 12, 6, 12, 4, 11, 2, "Wyvern Lord", 60, 45, 25, 40, 25, 15, 30),
Hawkeye =c(4, 26, 11, 8, 4, 8, 10, 13, 3, "Berserker", 50, 40, 30, 25, 20, 35, 40),
Matthew =c(2, 2, 1, 3, 2, 1, 0, 2, 1, "Thief", 75, 30, 40, 70, 25, 20, 50),
Jaffar =c(13, 18, 16, 24, 15, 13, 11, 10, 2, "Assassin", 65, 15, 40, 35, 30, 30, 20),
Ninian =c(1, 0, -1, -2, 5, 5, 3, 10, 0, "Dancer", 85, 5, 5, 70, 30, 70, 80),
Nils =c(1, 0, -1, -2, 5, 4, 4, 10, 0, "Bard", 85, 5, 5, 70, 30, 70, 80),
Athos =c(20, 0, 0, 0, 0, 0, 0, 25, 0, "Archsage", 0, 0, 0, 0, 0, 0, 0),
Merlinus =c(5, 3, 0, 1, 2, 2, 2, 12, 0, "Transporter", 120, 0, 90, 90, 30, 15, 100),
Vaida =c(9, 19, 12, 12, 6, 12, 4, 0, 2, "Wyvern Lord", 60, 45, 25, 40, 25, 15, 30),
Wallace =c(12, 13, 8, 5, 5, 6, 2, 10, 0, "Knight", 70, 45, 40, 20, 35, 35, 30),
Lyn =c(4, 2, 1, 3, 2, 0, 0, 5, 0, "Lord", 70, 40, 60, 60, 20, 30, 55),
Wil =c(4, 3, 2, 2, 3, 2, 1, 7, -1, "Archer", 75, 50, 50, 40, 20, 25, 40),
Kent =c(5, 3, 3, 5, 3, 0, 1, 4, 0, "Cavalier", 85, 40, 50, 45, 25, 25, 20),
Sain =c(4, 2, 4, 3, 2, 1, 0, 5, 0, "Cavalier", 80, 60, 35, 40, 20, 20, 35),
Florina =c(3, 4, 2, 3, 4, 1, 3, 8, -1, "Peg Knight", 60, 40, 50, 55, 15, 35, 50),
Rath =c(9, 11, 4, 6, 6, 4, 2, 5, 0, "Nomad", 80, 50, 40, 50, 10, 25, 30),
Dart =c(8, 15, 8, 6, 2, 3, 1, 3, 0, "Pirate", 70, 65, 20, 60, 20, 15, 35),
Isadora =c(1, 5, 7, 6, 5, 1, 0, 10, -3, "Paladin", 75, 30, 35, 50, 20, 25, 45),
Legault =c(12, 10, 5, 10, 6, 6, 3, 10, 3, "Thief", 60, 25, 45, 60, 25, 25, 60),
Karla =c(5, 10, 8, 10, 6, 7, 9, 16, 0, "Swordmaster", 60, 25, 45, 55, 10, 20, 40),
Harken =c(8, 16, 15, 11, 7, 7, 8, 12, 1, "Hero", 80, 35, 30, 40, 30, 25, 20),




Lord =c(18, 5, 5, 7, 5, 0, 7, 5, 60, 20, 20, 20, 20, 20, 20, 0, 0, 0, 0, 0, 0, 0),
Lord =c(16, 4, 7, 9, 2, 0, 5, 5, 60, 20, 20, 20, 20, 20, 20, 0, 0, 0, 0, 0, 0, 0),
Lord =c(19, 7, 4, 5, 8, 0, 13, 5, 60, 20, 20, 20, 20, 20, 20, 0, 0, 0, 0, 0, 0, 0),
Great Lord =c(17, 5, 2, 0, 9, 0, 13, 4, 60, 20, 20, 20, 20, 20, 20, 0, 0, 0, 0, 0, 0, 0),
Knight Lord =c(18, 3, 3, 4, 5, 0, 9, 7, 60, 27, 26, 24, 23, 25, 25, 4, 2, 0, 1, 1, 3, 3),
Blade Lord =c(18, 3, 3, 4, 5, 0, 6, 6, 60, 24, 29, 30, 22, 22, 25, 3, 2, 2, 0, 3, 5, 0),
Great Lord =c(18, 3, 3, 4, 5, 0, 15, 5, 60, 30, 24, 24, 29, 20, 25, 3, 0, 2, 3, 1, 5, 0),
Mercenary =c(18, 4, 8, 8, 4, 0, 9, 5, 60, 20, 20, 20, 20, 20, 20, 0, 0, 0, 0, 0, 0, 0),
Hero =c(22, 6, 9, 10, 8, 2, 10, 6, 60, 25, 30, 26, 25, 22, 20, 4, 0, 2, 2, 2, 2, 0),
Myrmidon =c(16, 4, 9, 9, 2, 0, 8, 5, 60, 20, 20, 20, 20, 20, 20, 0, 0, 0, 0, 0, 0, 0),
Myrmidon =c(15, 3, 9, 10, 1, 1, 5, 5, 60, 20, 20, 20, 20, 20, 20, 0, 0, 0, 0, 0, 0, 0),
Swordmaster =c(21, 6, 11, 10, 5, 2, 9, 6, 60, 24, 29, 30, 22, 23, 25, 5, 2, 0, 0, 2, 1, 40),
Swordmaster =c(19, 6, 11, 12, 4, 3, 7, 6, 60, 22, 29, 30, 22, 25, 25, 5, 2, 0, 0, 2, 1, 40),
Fighter =c(20, 5, 2, 4, 2, 0, 11, 5, 60, 20, 20, 20, 20, 20, 20, 0, 0, 0, 0, 0, 0, 0),
Warrior =c(28, 8, 5, 6, 5, 0, 13, 6, 60, 30, 28, 26, 26, 22, 20, 3, 1, 2, 0, 3, 3, 0),
Knight =c(17, 5, 2, 0, 9, 0, 13, 4, 60, 20, 20, 20, 20, 20, 20, 0, 0, 0, 0, 0, 0, 0),
General =c(21, 8, 4, 3, 13, 3, 15, 5, 60, 29, 27, 24, 30, 25, 20, 4, 2, 2, 3, 2, 3, 0),
Archer =c(18, 4, 3, 3, 3, 0, 7, 5, 60, 20, 20, 20, 20, 20, 20, 0, 0, 0, 0, 0, 0, 80),
Archer =c(17, 3, 3, 4, 3, 0, 5, 5, 60, 20, 20, 20, 20, 20, 20, 0, 0, 0, 0, 0, 0, 80),
Sniper =c(21, 7, 6, 5, 5, 2, 8, 6, 60, 25, 30, 28, 25, 23, 20, 3, 1, 2, 2, 2, 3, 80),
Sniper =c(19, 6, 6, 7, 5, 3, 6, 6, 60, 24, 30, 29, 24, 24, 20, 4, 3, 1, 1, 2, 2, 80),
Monk =c(18, 1, 1, 2, 1, 5, 6, 5, 60, 20, 20, 20, 20, 20, 20, 0, 0, 0, 0, 0, 0, 0),
Cleric =c(16, 1, 2, 2, 0, 6, 4, 5, 60, 20, 20, 20, 20, 20, 20, 0, 0, 0, 0, 0, 0, 0),
Bishop =c(21, 4, 4, 4, 3, 8, 7, 6, 60, 25, 26, 24, 22, 30, 25, 3, 2, 1, 0, 3, 2, 0),
Bishop =c(19, 4, 5, 4, 2, 9, 5, 6, 60, 25, 25, 26, 21, 30, 25, 3, 1, 2, 1, 2, 2, 0),
Mage =c(16, 1, 2, 3, 3, 3, 6, 5, 60, 20, 20, 20, 20, 20, 20, 0, 0, 0, 0, 0, 0, 0),
Mage =c(16, 1, 3, 2, 2, 4, 3, 5, 60, 20, 20, 20, 20, 20, 20, 0, 0, 0, 0, 0, 0, 0),
Sage =c(20, 5, 4, 4, 5, 5, 7, 6, 60, 28, 30, 26, 21, 25, 20, 4, 1, 0, 0, 3, 3, 0),
Sage =c(19, 4, 6, 5, 3, 6, 4, 6, 60, 30, 28, 26, 21, 25, 20, 3, 1, 1, 0, 3, 3, 0),
Shaman =c(16, 2, 1, 2, 2, 4, 7, 5, 60, 20, 20, 20, 20, 20, 20, 0, 0, 0, 0, 0, 0, 0),
Druid =c(19, 6, 3, 4, 4, 6, 8, 6, 60, 29, 26, 26, 21, 28, 20, 4, 0, 0, 3, 2, 2, 0),
Cavalier =c(20, 5, 2, 5, 6, 0, 9, 7, 60, 20, 20, 20, 20, 20, 20, 0, 0, 0, 0, 0, 0, 3),
Paladin =c(23, 7, 4, 7, 8, 3, 11, 8, 60, 25, 26, 24, 25, 25, 25, 2, 1, 1, 1, 2, 1, 3),
Paladin =c(23, 6, 6, 11, 7, 6, 9, 8, 60, 23, 27, 25, 24, 26, 25, 2, 1, 1, 1, 2, 1, 3),
Troubadour =c(15, 1, 1, 3, 2, 5, 5, 7, 60, 20, 20, 20, 20, 20, 20, 0, 0, 0, 0, 0, 0, 3),
Valkyrie =c(19, 4, 3, 5, 4, 8, 6, 8, 60, 25, 24, 25, 24, 28, 25, 3, 2, 1, 0, 2, 3, 3),
Nomad =c(16, 5, 4, 5, 4, 0, 7, 7, 60, 20, 20, 20, 20, 20, 20, 0, 0, 0, 0, 0, 0, 3),
Nmd Trooper =c(21, 7, 6, 7, 6, 3, 8, 8, 60, 25, 28, 30, 24, 23, 20, 3, 2, 1, 1, 3, 3, 3),
Peg Knight =c(14, 4, 5, 5, 3, 2, 5, 7, 60, 20, 20, 20, 20, 20, 20, 0, 0, 0, 0, 0, 0, 3),
Falcoknight =c(20, 6, 7, 7, 5, 4, 6, 8, 60, 23, 25, 28, 23, 26, 25, 5, 2, 0, 0, 2, 2, 3),
Wyvern Rider =c(20, 7, 3, 5, 8, 0, 10, 7, 60, 20, 20, 20, 20, 20, 20, 0, 0, 0, 0, 0, 0, 3),
Wyvern Lord =c(25, 9, 5, 7, 10, 1, 11, 8, 60, 27, 25, 23, 28, 22, 25, 4, 0, 2, 2, 0, 2, 3),
Wyvern Lord =c(24, 8, 7, 7, 9, 2, 10, 8, 60, 25, 26, 24, 27, 23, 25, 0, 0, 0, 0, 0, 0, 3),
Berserker =c(24, 7, 6, 7, 6, 0, 13, 6, 60, 30, 29, 28, 23, 21, 20, 4, 1, 1, 1, 2, 2, 40),
Thief =c(16, 3, 1, 9, 2, 0, 6, 6, 60, 20, 20, 20, 20, 20, 20, 0, 0, 0, 0, 0, 0, C),
Assassin =c(16, 3, 1, 9, 2, 0, 6, 6, 60, 20, 30, 30, 20, 20, 20, 3, 1, 0, 0, 2, 2, 8),
Dancer =c(14, 1, 2, 7, 0, 1, 4, 5, 60, 10, 10, 30, 24, 26, 20, 0, 0, 0, 0, 0, 0, 10),
Bard =c(14, 1, 2, 7, 1, 0, 3, 5, 60, 10, 10, 30, 24, 26, 20, 0, 0, 0, 0, 0, 0, 20),
Archsage =c(40, 30, 24, 20, 20, 28, 9, 6, 60, 30, 30, 25, 20, 30, 20, 0, 0, 0, 0, 0, 0, 0),



